1692426632
1192478974
1497113542
2692988203
1657198777
1628860034
1628860034
2716581102
1988234121
1654413680
2998976514
1238382045
2789872614
1421076262
1759365697
1834193474
1973988907
1740541592
2040627193
1890961581
1965556845
2953540743
2528460060
1747754985
1974561081
2051006255
1691758902
1871549867
3054116171
1245890655
1742116572
1893658502
2023262063
2209588955
1742566624
2474593562
1597717481
2567587284
2719276463
2171343355
3310826180
3310826180
2092886121
1222887030
1667384675
2440103064
1772364154
3087892931
2047878335
2556472755
1431125895
1763087102
1403014380
1719563655
2459135851
1618051664
1972103087
2830657600
2864403652
1682762954
1708922835
2032924841
2297659507
2758372383
1287931603
1863057363
1249819153
2764941127
1353822950
1820757835
2267130730
2656274875
3246420407
3134793345
3144958347
2775930101
1861045460
2323504634
1902244894
2841370115
2604245195
1104577415
1662401404
2480607734
1678194810
1249819153
1260598915
1767175391
1401939192
2670389923
2104910305
1862408280
1001664585
2705541404
1041107601
2559037583
1790410005
1464464715
1567272742
1252787992
1595712803
2684870602