1038677644
1043460474
1075853024
1088999412
1133440037
1147643167
1174069593
1194016460
1211297552
1222217715
1225510472
1232673990
1233997633
1239332363
1243273585
1261818360
1262735940
1266349995
1266416375
1271936987
1281453287
1290833627
1295188634
1302334241
1302431625
1309503833
1323088654
1324577997
1350898993
1361686101
1370485990
1370485990
1378131404
1396882872
1400887105
1407265321
1408095802
1409082815
1411517574
1419262397
1419564182
1422090725
1426556555
1457478803
1488533652
1501440384
1501440384
1547144402
1562641517
1567406897
1572180122
1579336700
1584021342
1584030434
1584126021
1588329775
1591743050
1609054723
1611664444
1618051664
1619416632
1619582127
1626017840
1634919594
1638782947
1642224652
1644687005
1647588742
1647750922
1649615704
1650188045
1650587753
1652297891
1652841244
1653255165
1656737654
1662294351
1675743935
1677006731
1678613761
1678856311
1681526323
1682207150
1686174321
1689647013
1690034197
1691201102
1697601814
1699432410
1700720163
1700827801
1710197103
1710931287
1720962692
1723764334
1724710934
1729736051
1733511222
1736208493
1737745570
1739916790
1742649625
1743329550
1746692527
1750262703
1752354560
1762875952
1763699904
1763864272
1764222885
1764866564
1765802883
1767033731
1767786411
1768001547
1768198880
1768858282
1768858282
1776052773
1776695437
1777094047
1777809300
1778146054
1779319710
1783423927
1789448475
1789484462
1793115410
1794545500
1797174787
1806025587
1806866002
1807189923
1822121593
1825643784
1828901663
1830694451
1831619630
1831675855
1832515913
1839108021
1842998665
1843035623
1843388900
1846538877
1848529141
1849153420
1851855434
1851855434
1853672463
1853672463
1854538947
1856446532
1864663867
1866323824
1869121845
1872081701
1878384807
1884771851
1885210051
1885695252
1886283103
1888750421
1890138622
1890565997
1890621874
1890621874
1890859275
1891131232
1895289312
1897646854
1898294093
1899015197
1911197885
1913229413
1914334662
1914487701
1918374397
1918554925
1922724527
1923501001
1927485255
1927903393
1930420393
1931575087
1934183965
1934628062
1942712771
1946328023
1947319920
1947319920
1947523572
1947664694
1948511350
1948868030
1949146854
1949182052
1950680635
1952431680
1962117985
1970150825
1974784365
1987042603
1987339565
1989534221
1990511851
1997839871
1997921780
1999812417
2001230427
2001251033
2001316002
2004454642
2026196365
2030931895
2031227211
2031805397
2035169564
2039928072
2048147250
2048148462
2054302531
2060403113
2076919047
2077202631
2077222577
2081322203
2081322203
2081998157
2085920793
2089717213
2090440235
2090443307
2093265523
2094447647
2094450397
2095754475
2102413152
2105137075
2105304793
2108992754
2109185642
2109400282
2118889092
2124901981
2125205507
2128483985
2128483985
2130128780
2131086174
2137774587
2137774587
2139867333
2139881993
2141778105
214683114
2153591423
2154649914
2159537203
2159537203
2161010460
2169681217
2169681217
2177438102
2177438102
2181427242
2192630467
2206007574
2214286225
2214308573
2216676987
2233862263
2248760100
2254998774
2256970402
2256970402
2260221052
2263429937
2273018834
2277172724
2286101382
2286908003
2292504385
2294884611
2297202527
2304167331
2307630291
2316009873
2316603007
2320683093
2321514561
2321599142
2344366150
2347792944
2355997702
2368949805
2389058493
2391846294
2413864344
2422481815
2431078520
2435347651
2468118253
2476808903
2482545467
2487550891
2490439101
2490757421
2497991520
2499897283
2513851043
2513851043
2517289121
2524918611
2527820975
2535245943
2539303114
2544612915
2547916951
2549581824
2563653610
2568504921
2575627003
2598843835
2608612104
2610424151
2616282265
2619224127
2632236847
2632247993
2636386824
2637942951
2640670642
2640996133
2650687303
2656274875
2656359981
2661249864
2669437921
2675824790
2676691587
2677035191
2681524593
2681721025
2701100961
2701679922
2712310705
2713768184
2741139025
2746452244
2760380660
2775892915
2792757597
2799567500
2801238847
2803899012
2803918272
2804057760
2805160270
2809350390
2816818487
2828828444
2830446397
2833756300
2838951087
2843576312
2844982734
2847212325
2848163304
2851405397
2857857944
2875103872
2881191021
2886657292
2886657292
2887660297
2895311343
2902391541
2909530793
2914478327
2919989762
2920363670
2920617690
2931161010
2934279683
2940482571
2958825402
2973602194
2973786202
2984226141
3008348725
3009565235
3011450484
3013648632
3025546290
3044114580
3047879603
3062066911
3065795407
3084954317
3088672620
3093396991
3095412737
3097939193
3097939193
3115056367
3143104574
3155999594
3157346363
3171165844
3176459727
3180903253
3191856320
3191884482
3192308400
3212432501
3212620930
3215039572
3219030231
3225991025
3226192473
3228262265
3238337217
3246980962
3247204522
3256200500
3259588425
3276667505
3277258951
3284543335
3284712290
3290410767
3297635735
3298614165
3301017701
3305438562
3307796762
3308002401
3310588481
3365514704
3367864840
3369274974
3419267030
3442554354
3456144514
3479442582
3486570227
3489443072
3501417784
3514732862
2097182924
1839256234
2457997103
2424678104
1768186270
2553749207
1563942351
1437019141
1687292653
2884375822
2269263531
1496975170
1165506212
1739985984
1652484947
1672283232
3512751073
3512751073
2301640602
1905343102
1901288857
3217848597
1567642010
1097414213
2858752854
1642088277
2939628087
2718005433
2268842504
1567642010
2611953684
2644709577
3488430823
1513934187
1899758880
1886496441
1838672663
1686524193
2239388294
2629280270
1977460817
1798873724
2322654782
3185352715
2322654782
1786803607
2166808832
1650111241
1036713140
1772190152